22.05.2011        17
12
32
47
49
02
44
29.05.2011	07
45
26
18
21
15
31
05.06.2011	37
09
23
14
22
34
39
12.06.2011	22
32
43
17
18
33
25
19.06.2011	39
17
37
45
01
43
13
26.06.2011	27
29
04
43
37
45
08
03.07.2011	28
11
46
29
49
36
07
10.07.2011	02
07
19
42
46
04
21
17.07.2011	23
26
04
45
12
25
34
24.07.2011	27
34
16
17
36
37
07
31.07.2011	19
43
40
47
20
07
38
07.08.2011	04
09
39
29
23
41
16
14.08.2011	38
39
40
33
13
07
49
21.08.2011	20
11
09
16
27
19
15
28.08.2011	30
43
09
14
06
23
42
04.09.2011	09
38
05
20
07
35
01
11.09.2011	39
21
24
12
48
03
08
18.09.2011	45
25
08
47
31
13
01
25.09.2011	44
14
11
29
32
30
46
02.10.2011	43
16
27
12
24
34
26
09.10.2011	48
01
43
28
16
47
04
16.10.2011	04
44
06
34
20
47
28
23.10.2011	32
17
02
29
46
43
36
30.10.2011	43
04
30
16
44
28
22
06.11.2011	45
15
34
03
02
10
42
13.11.2011	32
19
46
25
15
14
05
20.11.2011	08
26
09
17
06
29
47
27.11.2011	34
23
18
29
30
11
13
04.12.2011	41
10
20
03
42
05
24
11.12.2011	36
37
22
01
44
48
33
18.12.2011	10
35
40
25
20
14
29
25.12.2011	20
26
08
16
45
09
31
